%YAML:1.0
---
RM1: !!opencv-matrix
   rows: 3
   cols: 3
   dt: d
   data: [ -9.9987318631157185e-01, 1.0064469839295445e-02,
       1.2341707418282367e-02, 9.9299398605859346e-03,
       -2.1185915004400191e-01, 9.7724976174824318e-01,
       1.2450204396302907e-02, 9.7724838551388093e-01,
       2.1173234382352446e-01 ]
T1: !!opencv-matrix
   rows: 3
   cols: 1
   dt: d
   data: [ 5.0764617841593918e-01, -2.1530118406648833e+00,
       -9.2905311084648190e-01 ]
Rv1: !!opencv-matrix
   rows: 3
   cols: 1
   dt: d
   data: [ -2.5014947862184445e-02, -1.9720814439866945e+00,
       -2.4452669513313103e+00 ]
Tv1: !!opencv-matrix
   rows: 3
   cols: 1
   dt: d
   data: [ 5.4071682633576790e-01, 4.4674077660612843e-01,
       2.2944176392958089e+00 ]
RM2: !!opencv-matrix
   rows: 3
   cols: 3
   dt: d
   data: [ -9.2295318032200058e-01, -3.8486270552924406e-01,
       6.1745304449012106e-03, 8.8102073371669726e-02,
       -1.9561086121151161e-01, 9.7671613872388929e-01,
       -3.7469381046544858e-01, 9.0200725544133020e-01,
       2.1444686878124686e-01 ]
T2: !!opencv-matrix
   rows: 3
   cols: 1
   dt: d
   data: [ 1.4911417066275283e+00, -1.9613143571091338e+00,
       -9.3612904437858557e-01 ]
Rv2: !!opencv-matrix
   rows: 3
   cols: 1
   dt: d
   data: [ -3.4564724730023744e-01, 1.7621210200876325e+00,
       2.1882133250307971e+00 ]
Tv2: !!opencv-matrix
   rows: 3
   cols: 1
   dt: d
   data: [ 6.2719738785715351e-01, 3.9930527902726126e-01,
       2.5285912906560761e+00 ]
RM3: !!opencv-matrix
   rows: 3
   cols: 3
   dt: d
   data: [ -7.0853251985053156e-01, -7.0566292193159230e-01,
       4.6377715794760910e-03, 1.5441313984557248e-01,
       -1.4862155679994449e-01, 9.7676415530945437e-01,
       -6.8857697504148918e-01, 6.9278530113255710e-01,
       2.1426683359163134e-01 ]
T3: !!opencv-matrix
   rows: 3
   cols: 1
   dt: d
   data: [ 2.3169363641583951e+00, -1.4123199878581787e+00,
       -9.3821491568947391e-01 ]
Rv3: !!opencv-matrix
   rows: 3
   cols: 1
   dt: d
   data: [ -6.3109228188573907e-01, 1.5405459591345168e+00,
       1.9113654289348436e+00 ]
Tv3: !!opencv-matrix
   rows: 3
   cols: 1
   dt: d
   data: [ 6.4935413756750782e-01, 3.4874808551491771e-01,
       2.7748519002928966e+00 ]
RM4: !!opencv-matrix
   rows: 3
   cols: 3
   dt: d
   data: [ -3.8802626349005798e-01, -9.2164716792924084e-01,
       1.4548848593967101e-03, 2.1259398383232236e-01,
       -8.7968799388248753e-02, 9.7317279471453166e-01,
       -8.9679396568010328e-01, 3.7792590303153334e-01,
       2.3007084764818320e-01 ]
T4: !!opencv-matrix
   rows: 3
   cols: 1
   dt: d
   data: [ 2.8986270830718892e+00, -6.0794687318729201e-01,
       -9.6044040741004710e-01 ]
Rv4: !!opencv-matrix
   rows: 3
   cols: 1
   dt: d
   data: [ -8.5351601970963620e-01, 1.2879862025882256e+00,
       1.6263721940743292e+00 ]
Tv4: !!opencv-matrix
   rows: 3
   cols: 1
   dt: d
   data: [ 5.6582825257805924e-01, 2.6496343967535657e-01,
       3.0501994865486908e+00 ]
RM5: !!opencv-matrix
   rows: 3
   cols: 3
   dt: d
   data: [ 1.4011620310876993e-03, -9.9999287981866791e-01,
       -3.5038631436748457e-03, 2.2130447576246626e-01,
       -3.1069053770360067e-03, 9.7519981344669970e-01,
       -9.7520375601843456e-01, -2.1418335474797656e-03,
       2.2129854675662070e-01 ]
T5: !!opencv-matrix
   rows: 3
   cols: 1
   dt: d
   data: [ 3.0689092495481214e+00, 3.5606176614309565e-01,
       -9.3474903612694427e-01 ]
Rv5: !!opencv-matrix
   rows: 3
   cols: 1
   dt: d
   data: [ -1.0464401344887051e+00, 1.0403995058532276e+00,
       1.3076436197675234e+00 ]
Tv5: !!opencv-matrix
   rows: 3
   cols: 1
   dt: d
   data: [ 3.4848395910516372e-01, 2.3350998323243491e-01,
       3.2004330553517888e+00 ]
RM6: !!opencv-matrix
   rows: 3
   cols: 3
   dt: d
   data: [ 3.7463943952362777e-01, -9.2716414981813655e-01,
       -3.4539318804200914e-03, 1.9480551829134563e-01,
       7.5071934824996606e-02, 9.7796473077758383e-01,
       -9.0647454481450429e-01, -3.6705700360249760e-01,
       2.0874160033326802e-01 ]
T6: !!opencv-matrix
   rows: 3
   cols: 1
   dt: d
   data: [ 2.8884112671985980e+00, 1.3118161596308195e+00,
       -9.2563651298371241e-01 ]
Rv6: !!opencv-matrix
   rows: 3
   cols: 1
   dt: d
   data: [ -1.1892601873392743e+00, 7.9844543464138640e-01,
       9.9203888203327051e-01 ]
Tv6: !!opencv-matrix
   rows: 3
   cols: 1
   dt: d
   data: [ 1.3095905064291236e-01, 2.4408083203464978e-01,
       3.2930014445494833e+00 ]
RM7: !!opencv-matrix
   rows: 3
   cols: 3
   dt: d
   data: [ 6.9714992434071688e-01, -7.1689854995230773e-01,
       -6.2009731503856469e-03, 1.5216445798984063e-01,
       1.3950933347541380e-01, 9.7845956666481837e-01,
       -7.0059115089786217e-01, -6.8307658058926646e-01,
       2.0634540056440415e-01 ]
T7: !!opencv-matrix
   rows: 3
   cols: 1
   dt: d
   data: [ 2.3842121985178801e+00, 2.1636766452701246e+00,
       -9.3882953015667425e-01 ]
Rv7: !!opencv-matrix
   rows: 3
   cols: 1
   dt: d
   data: [ -1.2874002623249565e+00, 5.3803108555017731e-01,
       6.7337201555961324e-01 ]
Tv7: !!opencv-matrix
   rows: 3
   cols: 1
   dt: d
   data: [ -1.1683836095841899e-01, 2.5396129169104026e-01,
       3.3420379679582055e+00 ]
RM8: !!opencv-matrix
   rows: 3
   cols: 3
   dt: d
   data: [ 9.1866789710650443e-01, -3.9488599908942018e-01,
       -1.0693107549413439e-02, 9.2281676086720166e-02,
       1.8820789342848715e-01, 9.7778416898098575e-01,
       -3.8410075121579568e-01, -8.9924570422902861e-01,
       2.0934129153394415e-01 ]
T8: !!opencv-matrix
   rows: 3
   cols: 1
   dt: d
   data: [ 1.5620240990814647e+00, 2.7365380330896012e+00,
       -9.3255898987696129e-01 ]
Rv8: !!opencv-matrix
   rows: 3
   cols: 1
   dt: d
   data: [ -1.3420843779074367e+00, 2.6698806039716505e-01,
       3.4832696890286990e-01 ]
Tv8: !!opencv-matrix
   rows: 3
   cols: 1
   dt: d
   data: [ -3.6433279266499413e-01, 2.5265715649677589e-01,
       3.2560178039619796e+00 ]
RM9: !!opencv-matrix
   rows: 3
   cols: 3
   dt: d
   data: [ 9.9953226650732185e-01, 1.9076806116561842e-02,
       -2.3902378106113280e-02, 1.8638706900358234e-02,
       2.3964298820546590e-01, 9.7068215024746263e-01,
       2.4245552495644085e-02, -9.7067363911478821e-01,
       2.3917533215579512e-01 ]
T9: !!opencv-matrix
   rows: 3
   cols: 1
   dt: d
   data: [ 5.7550937054412921e-01, 2.9479819581582922e+00,
       -9.1429902358252813e-01 ]
Rv9: !!opencv-matrix
   rows: 3
   cols: 1
   dt: d
   data: [ -1.3288712580624658e+00, -3.2957586374664623e-02,
       -2.9988189685926404e-04 ]
Tv9: !!opencv-matrix
   rows: 3
   cols: 1
   dt: d
   data: [ -6.5333218675080318e-01, 1.7030378607540836e-01,
       3.0662526053700563e+00 ]
RM10: !!opencv-matrix
   rows: 3
   cols: 3
   dt: d
   data: [ 9.1403602874299361e-01, 4.0482080056646930e-01,
       -2.5656531107303898e-02, -6.4406599681817417e-02,
       2.0728866758194572e-01, 9.7615736344583692e-01,
       4.0048711349700539e-01, -8.9059054998401166e-01,
       2.1554244176498566e-01 ]
T10: !!opencv-matrix
   rows: 3
   cols: 1
   dt: d
   data: [ -4.1305772326815837e-01, 2.7555190826289078e+00,
       -8.9244035623793039e-01 ]
Rv10: !!opencv-matrix
   rows: 3
   cols: 1
   dt: d
   data: [ -1.3271366696117597e+00, -3.0296048717004959e-01,
       -3.3359024256892378e-01 ]
Tv10: !!opencv-matrix
   rows: 3
   cols: 1
   dt: d
   data: [ -7.6083872374959960e-01, 2.7337070261509450e-01,
       2.8118223241023652e+00 ]
RM11: !!opencv-matrix
   rows: 3
   cols: 3
   dt: d
   data: [ 7.2009657462344978e-01, 6.9379942800977024e-01,
       -1.0162524730129019e-02, -1.1824358809415580e-01,
       1.3713090384446486e-01, 9.8347016685073885e-01,
       6.8372463542730011e-01, -7.0699184500538359e-01,
       1.8078482791896494e-01 ]
T11: !!opencv-matrix
   rows: 3
   cols: 1
   dt: d
   data: [ -1.2457646614894895e+00, 2.2049793290328568e+00,
       -8.8004070140299284e-01 ]
Rv11: !!opencv-matrix
   rows: 3
   cols: 1
   dt: d
   data: [ -1.3118571671016970e+00, -5.3848050877693532e-01,
       -6.3017355208185655e-01 ]
Tv11: !!opencv-matrix
   rows: 3
   cols: 1
   dt: d
   data: [ -6.4168596712236770e-01, 4.1581928360018661e-01,
       2.5697603998016110e+00 ]
RM12: !!opencv-matrix
   rows: 3
   cols: 3
   dt: d
   data: [ 4.0669042340459521e-01, 9.1356080267727136e-01,
       -3.0918154296472600e-03, -1.6670575514300656e-01,
       7.7539167190472380e-02, 9.8295313660093075e-01,
       8.9822719326080924e-01, -3.9924220388514525e-01,
       1.8383028021449871e-01 ]
T12: !!opencv-matrix
   rows: 3
   cols: 1
   dt: d
   data: [ -1.7982837373129035e+00, 1.3831317895171897e+00,
       -8.6563919464019445e-01 ]
Rv12: !!opencv-matrix
   rows: 3
   cols: 1
   dt: d
   data: [ -1.2176969321739228e+00, -7.9405085492940608e-01,
       -9.5170142371138133e-01 ]
Tv12: !!opencv-matrix
   rows: 3
   cols: 1
   dt: d
   data: [ -5.3490660992888783e-01, 4.4385162607231621e-01,
       2.3266026336789349e+00 ]
RM13: !!opencv-matrix
   rows: 3
   cols: 3
   dt: d
   data: [ 2.8060840981950608e-02, 9.9960133007756791e-01,
       3.1257176044959811e-03, -1.8887059781758803e-01,
       2.2313043989794501e-03, 9.8199944936884065e-01,
       9.8160098129709139e-01, -2.8146086545672022e-02,
       1.8885791306892852e-01 ]
T13: !!opencv-matrix
   rows: 3
   cols: 1
   dt: d
   data: [ -2.0008146487513314e+00, 4.2278251631401098e-01,
       -8.6277643124611636e-01 ]
Rv13: !!opencv-matrix
   rows: 3
   cols: 1
   dt: d
   data: [ -1.0818054374952304e+00, -1.0478884706043092e+00,
       -1.2727823350161551e+00 ]
Tv13: !!opencv-matrix
   rows: 3
   cols: 1
   dt: d
   data: [ -3.6377262846816810e-01, 4.6840756509178499e-01,
       2.1388434521522721e+00 ]
RM14: !!opencv-matrix
   rows: 3
   cols: 3
   dt: d
   data: [ -3.5862821339333306e-01, 9.3343891178279470e-01,
       8.8092297085399229e-03, -1.6917086179435203e-01,
       -7.4270545466318172e-02, 9.8278436373188782e-01,
       9.1802343329463110e-01, 3.5096393553453237e-01,
       1.8454617816701124e-01 ]
T14: !!opencv-matrix
   rows: 3
   cols: 1
   dt: d
   data: [ -1.8202864744216878e+00, -5.4130201329204830e-01,
       -8.6956620605728907e-01 ]
Rv14: !!opencv-matrix
   rows: 3
   cols: 1
   dt: d
   data: [ -9.0770932153086115e-01, -1.3062290660940161e+00,
       -1.5840721901672716e+00 ]
Tv14: !!opencv-matrix
   rows: 3
   cols: 1
   dt: d
   data: [ -1.3987351549679103e-01, 5.0645384316302888e-01,
       2.0215182437171819e+00 ]
RM15: !!opencv-matrix
   rows: 3
   cols: 3
   dt: d
   data: [ -6.8587710535608815e-01, 7.2755533502514891e-01,
       1.5356784324745298e-02, -1.2942316803281634e-01,
       -1.4272104500593341e-01, 9.8126466709484850e-01,
       7.1611607992329207e-01, 6.7103944577711505e-01,
       1.9205161360019762e-01 ]
T15: !!opencv-matrix
   rows: 3
   cols: 1
   dt: d
   data: [ -1.2878173051053050e+00, -1.3695567045005537e+00,
       -8.8750695432782256e-01 ]
Rv15: !!opencv-matrix
   rows: 3
   cols: 1
   dt: d
   data: [ -6.8248133507508835e-01, -1.5416384831475212e+00,
       -1.8853136131656545e+00 ]
Tv15: !!opencv-matrix
   rows: 3
   cols: 1
   dt: d
   data: [ 1.2677313441005822e-01, 5.0874125654743929e-01,
       2.0117003947978276e+00 ]
RM16: !!opencv-matrix
   rows: 3
   cols: 3
   dt: d
   data: [ -9.1457227876511649e-01, 4.0409083178090316e-01,
       1.6375181983717124e-02, -6.7424770332215833e-02,
       -1.9227481788433809e-01, 9.7902211147307205e-01,
       3.9876239449079193e-01, 8.9428239056696313e-01,
       2.0309494986780807e-01 ]
T16: !!opencv-matrix
   rows: 3
   cols: 1
   dt: d
   data: [ -4.7259651032869471e-01, -1.9401301707187903e+00,
       -9.1019453763864500e-01 ]
Rv16: !!opencv-matrix
   rows: 3
   cols: 1
   dt: d
   data: [ -3.9124754159292019e-01, -1.7655009389956238e+00,
       -2.1770111840923461e+00 ]
Tv16: !!opencv-matrix
   rows: 3
   cols: 1
   dt: d
   data: [ 3.6666974825564347e-01, 4.8619769167465937e-01,
       2.1083338771598266e+00 ]
...
---
RM1: !!opencv-matrix
   rows: 3
   cols: 3
   dt: d
   data: [ -9.9987318631157185e-01, 1.0064469839295445e-02,
       1.2341707418282367e-02, 9.9299398605859346e-03,
       -2.1185915004400191e-01, 9.7724976174824318e-01,
       1.2450204396302907e-02, 9.7724838551388093e-01,
       2.1173234382352446e-01 ]
T1: !!opencv-matrix
   rows: 3
   cols: 1
   dt: d
   data: [ 5.0764617841593918e-01, -2.1530118406648833e+00,
       -9.2905311084648190e-01 ]
Rv1: !!opencv-matrix
   rows: 3
   cols: 1
   dt: d
   data: [ -2.5014947862184445e-02, -1.9720814439866945e+00,
       -2.4452669513313103e+00 ]
Tv1: !!opencv-matrix
   rows: 3
   cols: 1
   dt: d
   data: [ 5.4071682633576790e-01, 4.4674077660612843e-01,
       2.2944176392958089e+00 ]
RM2: !!opencv-matrix
   rows: 3
   cols: 3
   dt: d
   data: [ -9.2295318032200058e-01, -3.8486270552924406e-01,
       6.1745304449012106e-03, 8.8102073371669726e-02,
       -1.9561086121151161e-01, 9.7671613872388929e-01,
       -3.7469381046544858e-01, 9.0200725544133020e-01,
       2.1444686878124686e-01 ]
T2: !!opencv-matrix
   rows: 3
   cols: 1
   dt: d
   data: [ 1.4911417066275283e+00, -1.9613143571091338e+00,
       -9.3612904437858557e-01 ]
Rv2: !!opencv-matrix
   rows: 3
   cols: 1
   dt: d
   data: [ -3.4564724730023744e-01, 1.7621210200876325e+00,
       2.1882133250307971e+00 ]
Tv2: !!opencv-matrix
   rows: 3
   cols: 1
   dt: d
   data: [ 6.2719738785715351e-01, 3.9930527902726126e-01,
       2.5285912906560761e+00 ]
RM3: !!opencv-matrix
   rows: 3
   cols: 3
   dt: d
   data: [ -7.0853251985053156e-01, -7.0566292193159230e-01,
       4.6377715794760910e-03, 1.5441313984557248e-01,
       -1.4862155679994449e-01, 9.7676415530945437e-01,
       -6.8857697504148918e-01, 6.9278530113255710e-01,
       2.1426683359163134e-01 ]
T3: !!opencv-matrix
   rows: 3
   cols: 1
   dt: d
   data: [ 2.3169363641583951e+00, -1.4123199878581787e+00,
       -9.3821491568947391e-01 ]
Rv3: !!opencv-matrix
   rows: 3
   cols: 1
   dt: d
   data: [ -6.3109228188573907e-01, 1.5405459591345168e+00,
       1.9113654289348436e+00 ]
Tv3: !!opencv-matrix
   rows: 3
   cols: 1
   dt: d
   data: [ 6.4935413756750782e-01, 3.4874808551491771e-01,
       2.7748519002928966e+00 ]
RM4: !!opencv-matrix
   rows: 3
   cols: 3
   dt: d
   data: [ -3.8802626349005798e-01, -9.2164716792924084e-01,
       1.4548848593967101e-03, 2.1259398383232236e-01,
       -8.7968799388248753e-02, 9.7317279471453166e-01,
       -8.9679396568010328e-01, 3.7792590303153334e-01,
       2.3007084764818320e-01 ]
T4: !!opencv-matrix
   rows: 3
   cols: 1
   dt: d
   data: [ 2.8986270830718892e+00, -6.0794687318729201e-01,
       -9.6044040741004710e-01 ]
Rv4: !!opencv-matrix
   rows: 3
   cols: 1
   dt: d
   data: [ -8.5351601970963620e-01, 1.2879862025882256e+00,
       1.6263721940743292e+00 ]
Tv4: !!opencv-matrix
   rows: 3
   cols: 1
   dt: d
   data: [ 5.6582825257805924e-01, 2.6496343967535657e-01,
       3.0501994865486908e+00 ]
RM5: !!opencv-matrix
   rows: 3
   cols: 3
   dt: d
   data: [ 1.4011620310876993e-03, -9.9999287981866791e-01,
       -3.5038631436748457e-03, 2.2130447576246626e-01,
       -3.1069053770360067e-03, 9.7519981344669970e-01,
       -9.7520375601843456e-01, -2.1418335474797656e-03,
       2.2129854675662070e-01 ]
T5: !!opencv-matrix
   rows: 3
   cols: 1
   dt: d
   data: [ 3.0689092495481214e+00, 3.5606176614309565e-01,
       -9.3474903612694427e-01 ]
Rv5: !!opencv-matrix
   rows: 3
   cols: 1
   dt: d
   data: [ -1.0464401344887051e+00, 1.0403995058532276e+00,
       1.3076436197675234e+00 ]
Tv5: !!opencv-matrix
   rows: 3
   cols: 1
   dt: d
   data: [ 3.4848395910516372e-01, 2.3350998323243491e-01,
       3.2004330553517888e+00 ]
RM6: !!opencv-matrix
   rows: 3
   cols: 3
   dt: d
   data: [ 3.7463943952362777e-01, -9.2716414981813655e-01,
       -3.4539318804200914e-03, 1.9480551829134563e-01,
       7.5071934824996606e-02, 9.7796473077758383e-01,
       -9.0647454481450429e-01, -3.6705700360249760e-01,
       2.0874160033326802e-01 ]
T6: !!opencv-matrix
   rows: 3
   cols: 1
   dt: d
   data: [ 2.8884112671985980e+00, 1.3118161596308195e+00,
       -9.2563651298371241e-01 ]
Rv6: !!opencv-matrix
   rows: 3
   cols: 1
   dt: d
   data: [ -1.1892601873392743e+00, 7.9844543464138640e-01,
       9.9203888203327051e-01 ]
Tv6: !!opencv-matrix
   rows: 3
   cols: 1
   dt: d
   data: [ 1.3095905064291236e-01, 2.4408083203464978e-01,
       3.2930014445494833e+00 ]
RM7: !!opencv-matrix
   rows: 3
   cols: 3
   dt: d
   data: [ 6.9714992434071688e-01, -7.1689854995230773e-01,
       -6.2009731503856469e-03, 1.5216445798984063e-01,
       1.3950933347541380e-01, 9.7845956666481837e-01,
       -7.0059115089786217e-01, -6.8307658058926646e-01,
       2.0634540056440415e-01 ]
T7: !!opencv-matrix
   rows: 3
   cols: 1
   dt: d
   data: [ 2.3842121985178801e+00, 2.1636766452701246e+00,
       -9.3882953015667425e-01 ]
Rv7: !!opencv-matrix
   rows: 3
   cols: 1
   dt: d
   data: [ -1.2874002623249565e+00, 5.3803108555017731e-01,
       6.7337201555961324e-01 ]
Tv7: !!opencv-matrix
   rows: 3
   cols: 1
   dt: d
   data: [ -1.1683836095841899e-01, 2.5396129169104026e-01,
       3.3420379679582055e+00 ]
RM8: !!opencv-matrix
   rows: 3
   cols: 3
   dt: d
   data: [ 9.1866789710650443e-01, -3.9488599908942018e-01,
       -1.0693107549413439e-02, 9.2281676086720166e-02,
       1.8820789342848715e-01, 9.7778416898098575e-01,
       -3.8410075121579568e-01, -8.9924570422902861e-01,
       2.0934129153394415e-01 ]
T8: !!opencv-matrix
   rows: 3
   cols: 1
   dt: d
   data: [ 1.5620240990814647e+00, 2.7365380330896012e+00,
       -9.3255898987696129e-01 ]
Rv8: !!opencv-matrix
   rows: 3
   cols: 1
   dt: d
   data: [ -1.3420843779074367e+00, 2.6698806039716505e-01,
       3.4832696890286990e-01 ]
Tv8: !!opencv-matrix
   rows: 3
   cols: 1
   dt: d
   data: [ -3.6433279266499413e-01, 2.5265715649677589e-01,
       3.2560178039619796e+00 ]
RM9: !!opencv-matrix
   rows: 3
   cols: 3
   dt: d
   data: [ 9.9953226650732185e-01, 1.9076806116561842e-02,
       -2.3902378106113280e-02, 1.8638706900358234e-02,
       2.3964298820546590e-01, 9.7068215024746263e-01,
       2.4245552495644085e-02, -9.7067363911478821e-01,
       2.3917533215579512e-01 ]
T9: !!opencv-matrix
   rows: 3
   cols: 1
   dt: d
   data: [ 5.7550937054412921e-01, 2.9479819581582922e+00,
       -9.1429902358252813e-01 ]
Rv9: !!opencv-matrix
   rows: 3
   cols: 1
   dt: d
   data: [ -1.3288712580624658e+00, -3.2957586374664623e-02,
       -2.9988189685926404e-04 ]
Tv9: !!opencv-matrix
   rows: 3
   cols: 1
   dt: d
   data: [ -6.5333218675080318e-01, 1.7030378607540836e-01,
       3.0662526053700563e+00 ]
RM10: !!opencv-matrix
   rows: 3
   cols: 3
   dt: d
   data: [ 9.1403602874299361e-01, 4.0482080056646930e-01,
       -2.5656531107303898e-02, -6.4406599681817417e-02,
       2.0728866758194572e-01, 9.7615736344583692e-01,
       4.0048711349700539e-01, -8.9059054998401166e-01,
       2.1554244176498566e-01 ]
T10: !!opencv-matrix
   rows: 3
   cols: 1
   dt: d
   data: [ -4.1305772326815837e-01, 2.7555190826289078e+00,
       -8.9244035623793039e-01 ]
Rv10: !!opencv-matrix
   rows: 3
   cols: 1
   dt: d
   data: [ -1.3271366696117597e+00, -3.0296048717004959e-01,
       -3.3359024256892378e-01 ]
Tv10: !!opencv-matrix
   rows: 3
   cols: 1
   dt: d
   data: [ -7.6083872374959960e-01, 2.7337070261509450e-01,
       2.8118223241023652e+00 ]
RM11: !!opencv-matrix
   rows: 3
   cols: 3
   dt: d
   data: [ 7.2009657462344978e-01, 6.9379942800977024e-01,
       -1.0162524730129019e-02, -1.1824358809415580e-01,
       1.3713090384446486e-01, 9.8347016685073885e-01,
       6.8372463542730011e-01, -7.0699184500538359e-01,
       1.8078482791896494e-01 ]
T11: !!opencv-matrix
   rows: 3
   cols: 1
   dt: d
   data: [ -1.2457646614894895e+00, 2.2049793290328568e+00,
       -8.8004070140299284e-01 ]
Rv11: !!opencv-matrix
   rows: 3
   cols: 1
   dt: d
   data: [ -1.3118571671016970e+00, -5.3848050877693532e-01,
       -6.3017355208185655e-01 ]
Tv11: !!opencv-matrix
   rows: 3
   cols: 1
   dt: d
   data: [ -6.4168596712236770e-01, 4.1581928360018661e-01,
       2.5697603998016110e+00 ]
RM12: !!opencv-matrix
   rows: 3
   cols: 3
   dt: d
   data: [ 4.0669042340459521e-01, 9.1356080267727136e-01,
       -3.0918154296472600e-03, -1.6670575514300656e-01,
       7.7539167190472380e-02, 9.8295313660093075e-01,
       8.9822719326080924e-01, -3.9924220388514525e-01,
       1.8383028021449871e-01 ]
T12: !!opencv-matrix
   rows: 3
   cols: 1
   dt: d
   data: [ -1.7982837373129035e+00, 1.3831317895171897e+00,
       -8.6563919464019445e-01 ]
Rv12: !!opencv-matrix
   rows: 3
   cols: 1
   dt: d
   data: [ -1.2176969321739228e+00, -7.9405085492940608e-01,
       -9.5170142371138133e-01 ]
Tv12: !!opencv-matrix
   rows: 3
   cols: 1
   dt: d
   data: [ -5.3490660992888783e-01, 4.4385162607231621e-01,
       2.3266026336789349e+00 ]
RM13: !!opencv-matrix
   rows: 3
   cols: 3
   dt: d
   data: [ 2.8060840981950608e-02, 9.9960133007756791e-01,
       3.1257176044959811e-03, -1.8887059781758803e-01,
       2.2313043989794501e-03, 9.8199944936884065e-01,
       9.8160098129709139e-01, -2.8146086545672022e-02,
       1.8885791306892852e-01 ]
T13: !!opencv-matrix
   rows: 3
   cols: 1
   dt: d
   data: [ -2.0008146487513314e+00, 4.2278251631401098e-01,
       -8.6277643124611636e-01 ]
Rv13: !!opencv-matrix
   rows: 3
   cols: 1
   dt: d
   data: [ -1.0818054374952304e+00, -1.0478884706043092e+00,
       -1.2727823350161551e+00 ]
Tv13: !!opencv-matrix
   rows: 3
   cols: 1
   dt: d
   data: [ -3.6377262846816810e-01, 4.6840756509178499e-01,
       2.1388434521522721e+00 ]
RM14: !!opencv-matrix
   rows: 3
   cols: 3
   dt: d
   data: [ -3.5862821339333306e-01, 9.3343891178279470e-01,
       8.8092297085399229e-03, -1.6917086179435203e-01,
       -7.4270545466318172e-02, 9.8278436373188782e-01,
       9.1802343329463110e-01, 3.5096393553453237e-01,
       1.8454617816701124e-01 ]
T14: !!opencv-matrix
   rows: 3
   cols: 1
   dt: d
   data: [ -1.8202864744216878e+00, -5.4130201329204830e-01,
       -8.6956620605728907e-01 ]
Rv14: !!opencv-matrix
   rows: 3
   cols: 1
   dt: d
   data: [ -9.0770932153086115e-01, -1.3062290660940161e+00,
       -1.5840721901672716e+00 ]
Tv14: !!opencv-matrix
   rows: 3
   cols: 1
   dt: d
   data: [ -1.3987351549679103e-01, 5.0645384316302888e-01,
       2.0215182437171819e+00 ]
RM15: !!opencv-matrix
   rows: 3
   cols: 3
   dt: d
   data: [ -6.8587710535608815e-01, 7.2755533502514891e-01,
       1.5356784324745298e-02, -1.2942316803281634e-01,
       -1.4272104500593341e-01, 9.8126466709484850e-01,
       7.1611607992329207e-01, 6.7103944577711505e-01,
       1.9205161360019762e-01 ]
T15: !!opencv-matrix
   rows: 3
   cols: 1
   dt: d
   data: [ -1.2878173051053050e+00, -1.3695567045005537e+00,
       -8.8750695432782256e-01 ]
Rv15: !!opencv-matrix
   rows: 3
   cols: 1
   dt: d
   data: [ -6.8248133507508835e-01, -1.5416384831475212e+00,
       -1.8853136131656545e+00 ]
Tv15: !!opencv-matrix
   rows: 3
   cols: 1
   dt: d
   data: [ 1.2677313441005822e-01, 5.0874125654743929e-01,
       2.0117003947978276e+00 ]
RM16: !!opencv-matrix
   rows: 3
   cols: 3
   dt: d
   data: [ -9.1457227876511649e-01, 4.0409083178090316e-01,
       1.6375181983717124e-02, -6.7424770332215833e-02,
       -1.9227481788433809e-01, 9.7902211147307205e-01,
       3.9876239449079193e-01, 8.9428239056696313e-01,
       2.0309494986780807e-01 ]
T16: !!opencv-matrix
   rows: 3
   cols: 1
   dt: d
   data: [ -4.7259651032869471e-01, -1.9401301707187903e+00,
       -9.1019453763864500e-01 ]
Rv16: !!opencv-matrix
   rows: 3
   cols: 1
   dt: d
   data: [ -3.9124754159292019e-01, -1.7655009389956238e+00,
       -2.1770111840923461e+00 ]
Tv16: !!opencv-matrix
   rows: 3
   cols: 1
   dt: d
   data: [ 3.6666974825564347e-01, 4.8619769167465937e-01,
       2.1083338771598266e+00 ]
