%YAML:1.0
---
CM1: !!opencv-matrix
   rows: 3
   cols: 3
   dt: d
   data: [ 5.2043146668724103e+03, 0., 2.4302213716602600e+03, 0.,
       5.2518720883033047e+03, 1.6400928967659765e+03, 0., 0., 1. ]
DC1: !!opencv-matrix
   rows: 1
   cols: 5
   dt: d
   data: [ -2.9784809434649121e-02, 8.2483938794964451e-01,
       5.4545771106157004e-04, 3.1116111992872182e-05,
       -7.0253243804574126e+00 ]
CM2: !!opencv-matrix
   rows: 3
   cols: 3
   dt: d
   data: [ 5.1987851388293338e+03, 0., 2.4371023834050939e+03, 0.,
       5.2478183380200107e+03, 1.6363482670752235e+03, 0., 0., 1. ]
DC2: !!opencv-matrix
   rows: 1
   cols: 5
   dt: d
   data: [ -3.3649950619661584e-02, 9.3447957922166502e-01,
       -4.1235822625603559e-04, 5.3165091150101870e-04,
       -9.4011422527335284e+00 ]
CM3: !!opencv-matrix
   rows: 3
   cols: 3
   dt: d
   data: [ 5.1971792741585350e+03, 0., 2.3713558746857288e+03, 0.,
       5.2312822578666173e+03, 1.6326755201023964e+03, 0., 0., 1. ]
DC3: !!opencv-matrix
   rows: 1
   cols: 5
   dt: d
   data: [ 3.8911077873023635e-02, -9.6908938858440430e-01,
       -7.4754369279844322e-04, -1.0492276886024132e-03,
       1.8806772795135089e+00 ]
CM4: !!opencv-matrix
   rows: 3
   cols: 3
   dt: d
   data: [ 5.2919765064268595e+03, 0., 2.3302573549271260e+03, 0.,
       5.2561456475078494e+03, 1.7016971007204402e+03, 0., 0., 1. ]
DC4: !!opencv-matrix
   rows: 1
   cols: 5
   dt: d
   data: [ 4.1266709909304186e-02, -1.2940535380663352e+00,
       5.3568129847855381e-04, -5.9408676383472603e-03,
       9.2872034748804282e+00 ]
CM5: !!opencv-matrix
   rows: 3
   cols: 3
   dt: d
   data: [ 5.2220566217793066e+03, 0., 2.3860639107762631e+03, 0.,
       5.2243037496880552e+03, 1.6918329403130788e+03, 0., 0., 1. ]
DC5: !!opencv-matrix
   rows: 1
   cols: 5
   dt: d
   data: [ -6.6256518303355008e-02, 1.8547638684197312e+00,
       1.5848224821220663e-03, -8.5978254115588802e-04,
       -1.7611672137903803e+01 ]
CM6: !!opencv-matrix
   rows: 3
   cols: 3
   dt: d
   data: [ 5.1911832083509826e+03, 0., 2.3603282654685613e+03, 0.,
       5.2060605388400536e+03, 1.6481808733342014e+03, 0., 0., 1. ]
DC6: !!opencv-matrix
   rows: 1
   cols: 5
   dt: d
   data: [ -1.4817302110114075e-02, 3.2655847921158559e-01,
       2.8302265187422123e-04, 1.2207353204541733e-03,
       -5.6070121808419300e+00 ]
CM7: !!opencv-matrix
   rows: 3
   cols: 3
   dt: d
   data: [ 5.2565903763981178e+03, 0., 2.3597297188918810e+03, 0.,
       5.2513204553940977e+03, 1.6384063869396916e+03, 0., 0., 1. ]
DC7: !!opencv-matrix
   rows: 1
   cols: 5
   dt: d
   data: [ 3.7228594304559168e-03, -3.3310568257527523e-01,
       -6.0434560084145249e-04, 4.0386974187138800e-04,
       2.2167496259000039e-01 ]
CM8: !!opencv-matrix
   rows: 3
   cols: 3
   dt: d
   data: [ 5.2535585613696012e+03, 0., 2.3938535099941578e+03, 0.,
       5.2451342017188736e+03, 1.6755015306027763e+03, 0., 0., 1. ]
DC8: !!opencv-matrix
   rows: 1
   cols: 5
   dt: d
   data: [ -4.3027217040794333e-02, 4.6333921360174030e-01,
       5.5049078670669300e-04, -3.1442404335456191e-04,
       5.9315897797807471e-01 ]
CM9: !!opencv-matrix
   rows: 3
   cols: 3
   dt: d
   data: [ 5.2547061149250585e+03, 0., 2.5952681522470289e+03, 0.,
       5.2604473794038749e+03, 1.8745124110250845e+03, 0., 0., 1. ]
DC9: !!opencv-matrix
   rows: 1
   cols: 5
   dt: d
   data: [ 2.5583131374504530e-02, -6.5163659074046421e-01,
       1.3938997845136865e-02, 1.3465657195588950e-02,
       5.8638332749955016e+00 ]
CM10: !!opencv-matrix
   rows: 3
   cols: 3
   dt: d
   data: [ 5.2324096327706529e+03, 0., 2.6448167598451701e+03, 0.,
       5.2417279537257864e+03, 1.7842676991676042e+03, 0., 0., 1. ]
DC10: !!opencv-matrix
   rows: 1
   cols: 5
   dt: d
   data: [ 3.8037890197552382e-02, -9.1481311515746855e-01,
       1.3507685572065754e-02, 1.6449552380073219e-02,
       6.9956114061991386e+00 ]
CM11: !!opencv-matrix
   rows: 3
   cols: 3
   dt: d
   data: [ 5.2224846465059727e+03, 0., 2.4376516893230732e+03, 0.,
       5.2424154040883150e+03, 1.6119539242601440e+03, 0., 0., 1. ]
DC11: !!opencv-matrix
   rows: 1
   cols: 5
   dt: d
   data: [ -6.9458674174561795e-03, 4.5709178646770578e-02,
       7.0417821238077710e-04, 1.5854300843085858e-03,
       -2.3398241992493101e+00 ]
CM12: !!opencv-matrix
   rows: 3
   cols: 3
   dt: d
   data: [ 5.2324903628955135e+03, 0., 2.4235762236160549e+03, 0.,
       5.2615350527690553e+03, 1.6434729374116253e+03, 0., 0., 1. ]
DC12: !!opencv-matrix
   rows: 1
   cols: 5
   dt: d
   data: [ -3.7495047853256920e-02, 1.5082029831443833e+00,
       1.5011575001551661e-03, 3.3017205843734784e-04,
       -2.0959691855007645e+01 ]
CM13: !!opencv-matrix
   rows: 3
   cols: 3
   dt: d
   data: [ 5.2402192074515615e+03, 0., 2.4412614361292358e+03, 0.,
       5.2830091910332849e+03, 1.6660914169203004e+03, 0., 0., 1. ]
DC13: !!opencv-matrix
   rows: 1
   cols: 5
   dt: d
   data: [ -7.2115988818083343e-02, 2.6348653915700289e+00,
       2.0832425509707867e-03, 9.6005143977455972e-04,
       -2.8905808152711717e+01 ]
CM14: !!opencv-matrix
   rows: 3
   cols: 3
   dt: d
   data: [ 4.3502531694248764e+03, 0., 2.4559050761337994e+03, 0.,
       4.3899611825198654e+03, 1.6189522373162192e+03, 0., 0., 1. ]
DC14: !!opencv-matrix
   rows: 1
   cols: 5
   dt: d
   data: [ -1.2952795911479172e-03, -5.3626153382558739e-01,
       5.0759686896138052e-04, 1.4712131388273091e-03,
       8.0465335977207459e+00 ]
CM15: !!opencv-matrix
   rows: 3
   cols: 3
   dt: d
   data: [ 4.3382036923554706e+03, 0., 2.4278461408214457e+03, 0.,
       4.3827366385368632e+03, 1.6183246363910453e+03, 0., 0., 1. ]
DC15: !!opencv-matrix
   rows: 1
   cols: 5
   dt: d
   data: [ 1.0514044339964019e-02, -6.8189990798577793e-01,
       -5.5960917701561484e-05, -1.0073243348119496e-04,
       6.4134752588731088e+00 ]
CM16: !!opencv-matrix
   rows: 3
   cols: 3
   dt: d
   data: [ 4.3348995897728719e+03, 0., 2.4189780346860348e+03, 0.,
       4.3785908686887506e+03, 1.6287704197177513e+03, 0., 0., 1. ]
DC16: !!opencv-matrix
   rows: 1
   cols: 5
   dt: d
   data: [ -1.6421127475881942e-02, 2.2896737165176248e-01,
       4.4400554958830930e-04, -1.7761316548327768e-04,
       -1.3793451188316026e+00 ]
